1 10 20
100 200 125
201 210 89
900 1000 174
1 10 20
10 1 20
100 200 125
200 100 125
201 210 89
210 201 89
900 1000 174
1000 900 174
1 2 2
2 1 2
1 1 1
1 1000000 525
1000000 1 525
613 1800 182
1800 613 182
512 604 137
604 512 137
832 833 29
833 832 29
150123 181346 383
181346 150123 383
950467 979567 458
11 110 119
110 11 119
1004 4200 238
4200 1004 238
2016 2160 170
2160 2016 170
9070 10007 260
10007 9070 260
14 23 21
23 14 21
19 19 21
13 1000000 525
1000000 13 525
613 18001 279
18001 613 279
5312 6043 236
6043 5312 236
8326 8336 190
8336 8326 190
15012 18134 279
18134 15012 279
95046 97956 328
155 10 122
10 155 122
10 200 125
200 10 125
2015 2105 157
2105 2015 157
9009 10001 260
10001 9009 260
16 21 21
21 16 21
15 189 125
1 106000 351
106000 1 351
6113 11800 268
11800 6113 268
512 654 145
654 512 145
812 933 179
933 812 179
150623 186346 383
18346 150623 375
954632 979567 458
15 10 18
10 15 18
999 200 179
200 999 179
2014 2410 183
2105 2601 209
9004 31000 308
10800 6900 260
17 2 20
2 6661 262
1 16666 276
1 182900 383
16540 1 276
613 1780 182
1800 643 182
592 604 119
6055 512 238
832 88833 351
833 83542 351
150123 144346 370
181346 190123 360
953247 979567 458
123 1052 179
1430 531 182
103523 24320 351
24230 34100 308
201 215430 383
21330 233301 443
9400 103450 351
104300 900543 525
1 4352 238
2 13245 268
3451 1 217
1 340000 443
435500 1 449
61353 1800 340
18030 654613 509
53312 604 340
6034 55512 340
832 835343 509
8633 84432 351
15233 49346 324
184346 150123 383
92267 975367 525
25 64 113
68 69 15
54 67 113
95 21 116
95 59 116
64 20 113
20 21 8
21 22 16
22 23 16
23 24 16
24 25 24
25 26 24
26 27 112
27 28 112
28 29 19
29 30 19
20 30 112
